1 (0) [2, 3, 5, 6, 8, 15, 19, 20, 25, 28, 33, 36, 97, 124, 170, 198, 202, 231, 237, 244, 254, 270, 280, 288, 343, 344, 345, 346, 349, 371]
5 (0) [1, 3, 4, 7, 8, 9, 14, 15, 39, 40, 41, 42, 89, 94, 103, 112, 127, 128, 130, 153, 156, 157, 168, 169, 190, 216, 217, 225, 226, 232, 234, 239, 241, 252, 253, 255, 261, 262, 275, 280, 289, 300, 305, 307, 308, 316, 320, 321, 328, 330, 331, 343, 345, 346, 348, 352, 364, 365]
8 (0) [1, 2, 5, 6, 18, 29, 37, 43, 57, 59, 60, 65, 66, 72, 76, 79, 83, 87, 99, 106, 109, 116, 119, 125, 143, 151, 158, 175, 177, 180, 184, 194, 196, 197, 205, 207, 211, 212, 221, 230, 246, 260, 269, 275, 276, 278, 280, 282, 283, 285, 289, 293, 294, 297, 301, 306, 309, 311, 314, 321, 326, 330, 336, 337, 340, 346, 347, 351, 352, 355, 356, 359, 362, 364, 366, 368, 369, 370]
9 (0) [5]
11 (0) [15]
12 (0) [15]
14 (0) [5]
15 (0) [1, 5, 7, 11, 12, 17, 21, 26, 31, 34, 48, 51, 55, 70, 71, 81, 84, 96, 98, 101, 108, 110, 113, 115, 117, 126, 132, 142, 144, 150, 152, 156, 176, 181, 183, 188, 192, 194, 199, 218, 219, 226, 238, 240, 246, 247, 249, 259, 264, 266, 267, 274, 277, 280, 283, 287, 293, 295, 299, 310, 318, 320, 324, 327, 329, 332, 333, 335, 337, 340, 341, 344, 345, 350, 351, 352, 354, 363, 370]
17 (0) [15]
18 (0) [8]
19 (0) [1]
20 (0) [1]
21 (0) [15]
25 (0) [1]
26 (0) [15]
28 (0) [1]
29 (0) [8]
31 (0) [15]
33 (0) [1]
34 (0) [15]
36 (0) [1]
37 (0) [8]
39 (0) [5]
40 (0) [5]
41 (0) [5]
42 (0) [5]
43 (0) [8]
48 (0) [15]
51 (0) [15]
55 (0) [15]
57 (0) [8]
59 (0) [8]
60 (0) [8]
65 (0) [8]
66 (0) [8]
70 (0) [15]
71 (0) [15]
72 (0) [8]
76 (0) [8]
79 (0) [8]
81 (0) [15]
83 (0) [8]
84 (0) [15, 774]
85 (0) [6, 353]
87 (0) [8, 340]
88 (0) [6, 362]
89 (0) [5, 366]
92 (0) [6, 345]
93 (0) [6, 289]
94 (0) [5, 339]
96 (0) [15, 334]
97 (0) [1, 360]
99 (0) [8, 337]
100 (0) [6, 245]
101 (0) [15, 888]
103 (0) [5, 235]
105 (0) [4, 357]
106 (0) [2, 8]
108 (0) [15, 364]
110 (0) [15, 888]
112 (0) [5, 286]
113 (0) [15, 316]
115 (0) [15, 349]
117 (0) [6, 15]
119 (0) [8, 871]
124 (0) [1, 348]
125 (0) [8, 198]
126 (0) [15, 867]
127 (0) [5, 824]
128 (0) [5, 328]
141 (0) [6, 361, 369]
142 (0) [15, 270, 346]
143 (0) [6, 8, 370]
144 (0) [15, 353, 879]
146 (0) [4, 361, 699]
151 (0) [8, 365, 865]
153 (0) [5, 356, 536]
155 (0) [6, 329, 840]
156 (0) [5, 15, 888]
157 (0) [5, 251, 365]
158 (0) [4, 8, 296]
161 (0) [3, 354, 800]
164 (0) [3, 234, 351]
167 (0) [7, 343, 448]
169 (0) [5, 264, 688]
175 (0) [8, 229, 884]
176 (0) [15, 529, 590]
180 (0) [8, 795, 861]
183 (0) [15, 364, 534, 619]
184 (0) [8, 343, 362, 655]
188 (0) [15, 332, 351, 795]
190 (0) [5, 337, 639, 886]
192 (0) [15, 452, 859, 878]
194 (0) [8, 15, 369, 371]
196 (0) [8, 345, 357, 877]
197 (0) [8, 343, 862, 877]
198 (0) [1, 4, 125, 361]
202 (0) [1, 370, 506, 871]
205 (0) [8, 293, 340, 887]
209 (0) [3, 240, 331, 340]
211 (0) [8, 245, 354, 577]
212 (0) [8, 352, 477, 855]
216 (0) [5, 308, 362, 815]
221 (0) [8, 262, 343, 370]
222 (0) [6, 296, 344, 877]
225 (0) [5, 232, 362, 363, 880]
226 (0) [5, 15, 486, 524, 835]
229 (0) [7, 175, 296, 315, 633]
232 (0) [5, 225, 311, 314, 361]
233 (0) [4, 321, 335, 364, 704]
234 (0) [5, 164, 362, 514, 741]
235 (0) [7, 103, 345, 370, 754]
236 (0) [2, 351, 364, 560, 824]
237 (0) [1, 2, 306, 351, 853]
239 (0) [5, 361, 362, 573, 637]
240 (0) [7, 15, 209, 277, 288]
241 (0) [5, 445, 777, 875, 886]
244 (0) [1, 189, 217, 331, 825]
245 (0) [4, 100, 211, 306, 362]
246 (0) [7, 8, 15, 352, 364]
248 (0) [4, 285, 365, 456, 800]
249 (0) [7, 15, 369, 676, 813]
254 (0) [1, 7, 295, 360, 525, 699]
255 (0) [5, 303, 324, 358, 370, 813]
257 (0) [6, 335, 341, 605, 773, 884]
258 (0) [7, 298, 346, 370, 867, 884]
259 (0) [15, 207, 337, 354, 676, 868]
262 (0) [5, 221, 285, 344, 458, 884]
264 (0) [15, 169, 491, 588, 643, 741]
267 (0) [15, 352, 511, 547, 739, 749, 813]
269 (0) [8, 344, 367, 369, 492, 606, 758]
271 (0) [2, 340, 354, 362, 364, 369, 797]
275 (0) [5, 8, 303, 310, 370, 661, 887]
277 (0) [15, 240, 289, 336, 648, 718, 851]
278 (0) [8, 305, 359, 646, 703, 850, 857]
280 (0) [1, 5, 8, 15, 538, 700, 878]
285 (0) [8, 248, 262, 323, 369, 535, 614, 849]
286 (0) [7, 112, 334, 340, 343, 622, 740, 855]
287 (0) [15, 309, 327, 346, 745, 801, 846, 875]
288 (0) [1, 240, 324, 362, 368, 568, 594, 648]
289 (0) [5, 8, 93, 277, 293, 330, 476, 869]
293 (0) [8, 15, 205, 289, 354, 681, 795, 857]
296 (0) [7, 158, 222, 229, 324, 349, 371, 533, 871]
297 (0) [8, 265, 290, 332, 365, 451, 531, 786, 854]
298 (0) [6, 258, 365, 366, 655, 796, 840, 847, 875]
299 (0) [2, 7, 15, 186, 358, 359, 362, 700, 877]
303 (0) [4, 255, 275, 363, 364, 367, 370, 408, 613, 866]
306 (0) [8, 237, 245, 323, 351, 355, 528, 604, 790, 824]
307 (0) [2, 5, 136, 324, 326, 335, 352, 388, 697, 814]
308 (0) [5, 216, 319, 354, 357, 360, 366, 487, 757, 818, 855]
309 (0) [8, 287, 291, 337, 339, 357, 442, 463, 498, 785, 885]
310 (0) [15, 270, 275, 317, 353, 364, 367, 630, 686, 689, 769]
311 (0) [8, 186, 232, 357, 369, 371, 450, 720, 741, 797, 838]
318 (0) [3, 6, 15, 327, 357, 360, 364, 371, 507, 557, 596, 727, 840]
319 (0) [7, 308, 339, 345, 347, 354, 362, 393, 420, 527, 650, 706, 796]
320 (0) [5, 15, 331, 349, 357, 361, 365, 642, 660, 687, 759, 825, 869]
322 (0) [2, 166, 265, 304, 339, 357, 359, 414, 480, 489, 549, 566, 861]
324 (0) [15, 255, 288, 296, 304, 307, 313, 364, 406, 515, 532, 671, 841]
326 (0) [7, 8, 219, 307, 327, 344, 349, 368, 370, 555, 569, 846, 853]
327 (0) [15, 263, 281, 287, 318, 326, 365, 394, 608, 756, 808, 877, 886]
328 (0) [5, 128, 163, 260, 329, 330, 364, 366, 369, 434, 600, 747, 855]
329 (0) [15, 155, 301, 328, 349, 359, 360, 362, 363, 468, 716, 719, 883]
330 (0) [5, 8, 218, 289, 328, 357, 368, 545, 591, 621, 686, 693, 757, 879]
331 (0) [5, 134, 160, 209, 244, 320, 363, 367, 368, 421, 505, 707, 725, 870]
334 (0) [7, 96, 210, 286, 323, 352, 353, 475, 671, 794, 796, 829, 835, 863, 871]
335 (0) [6, 15, 233, 257, 307, 370, 436, 586, 589, 642, 646, 833, 843, 862, 876, 888]
337 (0) [8, 15, 99, 190, 223, 259, 309, 356, 367, 695, 711, 715, 797, 800, 826, 846]
339 (0) [3, 4, 94, 309, 313, 319, 322, 351, 355, 365, 366, 544, 620, 789, 831, 874, 886]
340 (0) [7, 8, 15, 87, 205, 209, 271, 273, 286, 305, 323, 364, 368, 559, 668, 757, 823]
343 (0) [1, 5, 167, 184, 197, 208, 221, 286, 314, 349, 352, 503, 552, 624, 685, 712, 776, 808, 845, 887]
344 (0) [1, 15, 199, 222, 224, 262, 269, 295, 326, 336, 342, 346, 348, 367, 368, 370, 709, 763, 779, 792]
345 (0) [1, 3, 4, 5, 6, 15, 92, 196, 235, 319, 351, 352, 363, 402, 744, 774, 817, 820, 825, 848, 856]
346 (0) [1, 4, 5, 8, 142, 258, 287, 316, 332, 344, 366, 370, 377, 466, 482, 652, 692, 696, 735, 791, 796, 798]
349 (0) [1, 115, 283, 292, 296, 320, 326, 329, 343, 363, 368, 371, 390, 520, 629, 636, 683, 799, 802, 832, 856, 871]
351 (0) [6, 8, 15, 164, 188, 213, 236, 237, 282, 306, 339, 345, 365, 366, 368, 376, 401, 465, 539, 678, 730, 793]
352 (0) [5, 8, 15, 201, 212, 246, 267, 307, 334, 343, 345, 355, 357, 358, 371, 437, 737, 745, 752, 777, 818, 864, 877]
353 (0) [3, 85, 144, 268, 279, 310, 315, 334, 369, 370, 371, 407, 433, 508, 678, 702, 736, 766, 774, 834, 837, 868, 869]
354 (0) [3, 15, 161, 211, 259, 271, 293, 308, 319, 361, 362, 363, 366, 371, 372, 627, 716, 737, 747, 758, 787, 880, 885, 887]
356 (0) [3, 7, 8, 135, 148, 153, 282, 337, 359, 365, 368, 370, 412, 431, 469, 519, 541, 575, 636, 666, 704, 713, 793, 867, 870, 878]
357 (0) [4, 6, 7, 105, 196, 261, 308, 309, 311, 318, 320, 322, 330, 352, 364, 367, 368, 413, 684, 694, 736, 784, 802, 863, 874, 884]
359 (0) [4, 8, 278, 299, 301, 322, 325, 329, 333, 348, 356, 360, 361, 365, 366, 369, 375, 459, 587, 628, 649, 682, 739, 743, 820, 866, 870, 878, 885]
360 (0) [3, 7, 97, 172, 254, 302, 308, 318, 329, 347, 359, 362, 370, 429, 567, 571, 584, 764, 765, 772, 817, 818, 824, 836, 840, 854, 860, 865, 869]
361 (0) [2, 6, 7, 137, 141, 146, 198, 208, 232, 239, 304, 320, 338, 347, 354, 359, 369, 380, 398, 623, 652, 666, 722, 738, 762, 763, 768, 785, 828, 835, 840, 844, 866, 883, 886]
362 (0) [3, 7, 8, 88, 184, 187, 216, 225, 227, 234, 239, 245, 271, 288, 294, 299, 313, 319, 329, 336, 354, 360, 364, 370, 562, 630, 664, 744, 809, 822, 823, 832, 857, 858, 860]
364 (0) [5, 6, 8, 108, 183, 201, 233, 236, 246, 271, 274, 284, 290, 303, 310, 318, 324, 328, 340, 348, 350, 357, 358, 362, 363, 365, 368, 399, 419, 427, 509, 617, 640, 721, 743, 747, 760, 802, 843, 866, 888]
365 (0) [2, 3, 5, 151, 157, 159, 195, 248, 297, 298, 320, 327, 339, 351, 356, 359, 364, 367, 369, 370, 404, 444, 618, 670, 690, 701, 754, 759, 767, 781, 783, 786, 792, 797, 813, 814, 822, 853, 856, 873, 886]
368 (0) [3, 8, 104, 206, 288, 301, 304, 326, 330, 331, 340, 344, 349, 350, 351, 356, 357, 364, 366, 369, 415, 481, 564, 593, 601, 618, 622, 658, 667, 723, 746, 762, 766, 780, 816, 824, 865, 871, 874, 877, 880, 881]
369 (0) [6, 8, 141, 179, 194, 249, 252, 269, 271, 284, 285, 300, 302, 311, 328, 341, 353, 359, 361, 365, 367, 368, 371, 383, 403, 416, 493, 574, 654, 672, 677, 727, 735, 742, 789, 790, 806, 839, 842, 847, 857, 871, 876, 884]
370 (0) [2, 4, 6, 8, 15, 123, 143, 202, 221, 224, 235, 251, 255, 258, 275, 303, 326, 335, 342, 344, 346, 353, 356, 360, 362, 365, 389, 411, 424, 426, 504, 518, 561, 597, 633, 635, 662, 697, 710, 742, 744, 750, 755, 758, 782, 810, 819, 826, 866, 876]
372 (0) [354]
375 (0) [359]
376 (0) [351]
377 (0) [346]
380 (0) [361]
383 (0) [369]
388 (0) [307]
389 (0) [370]
390 (0) [349]
393 (0) [319]
394 (0) [327]
398 (0) [361]
399 (0) [364]
401 (0) [351]
402 (0) [345]
403 (0) [369]
404 (0) [365]
406 (0) [324]
407 (0) [353]
408 (0) [303]
411 (0) [370]
412 (0) [356]
413 (0) [357]
414 (0) [322]
415 (0) [368]
416 (0) [369]
419 (0) [364]
420 (0) [319]
421 (0) [331]
424 (0) [370]
426 (0) [370]
427 (0) [364]
429 (0) [360]
431 (0) [356]
433 (0) [353]
434 (0) [328]
436 (0) [335]
437 (0) [352]
442 (0) [309]
444 (0) [365]
445 (0) [241]
448 (0) [167]
450 (0) [311]
451 (0) [297]
452 (0) [192]
456 (0) [248]
458 (0) [262]
459 (0) [359]
463 (0) [309]
465 (0) [351]
466 (0) [346]
468 (0) [329]
469 (0) [356]
475 (0) [334]
476 (0) [289]
477 (0) [212]
480 (0) [322]
481 (0) [368]
482 (0) [346]
486 (0) [226]
487 (0) [308]
489 (0) [322]
491 (0) [264]
492 (0) [269]
493 (0) [369]
498 (0) [309]
503 (0) [343]
504 (0) [370]
505 (0) [331]
506 (0) [202]
507 (0) [318]
508 (0) [353]
509 (0) [364]
511 (0) [267]
514 (0) [234]
515 (0) [324]
518 (0) [370]
519 (0) [356]
520 (0) [349]
524 (0) [226]
525 (0) [254]
527 (0) [319]
528 (0) [306]
529 (0) [176]
531 (0) [297]
532 (0) [324]
533 (0) [296]
534 (0) [183]
535 (0) [285]
536 (0) [153]
538 (0) [280]
539 (0) [351]
541 (0) [356]
544 (0) [339]
545 (0) [330]
547 (0) [267]
549 (0) [322]
552 (0) [343]
555 (0) [326]
557 (0) [318]
559 (0) [340]
560 (0) [236]
561 (0) [370]
562 (0) [362]
564 (0) [368]
566 (0) [322]
567 (0) [360]
568 (0) [288]
569 (0) [326]
571 (0) [360]
573 (0) [239]
574 (0) [369]
575 (0) [356]
577 (0) [211]
584 (0) [360]
586 (0) [335]
587 (0) [359]
588 (0) [264]
589 (0) [335]
590 (0) [176]
591 (0) [330]
593 (0) [368]
594 (0) [288]
596 (0) [318]
597 (0) [370]
600 (0) [328]
601 (0) [368]
604 (0) [306]
605 (0) [257]
606 (0) [269]
608 (0) [327]
613 (0) [303]
614 (0) [285]
618 (0) [365, 368]
620 (0) [339, 746]
621 (0) [330, 773]
622 (0) [286, 368]
630 (0) [310, 362]
633 (0) [229, 370]
636 (0) [349, 356]
637 (0) [239, 874]
639 (0) [190, 884]
640 (0) [364, 790]
642 (0) [320, 335]
643 (0) [264, 878]
646 (0) [278, 335]
648 (0) [277, 288]
652 (0) [346, 361]
655 (0) [184, 298]
666 (0) [356, 361]
667 (0) [368, 878]
668 (0) [340, 868]
671 (0) [324, 334]
672 (0) [369, 793]
676 (0) [249, 259]
678 (0) [351, 353]
683 (0) [349, 860]
686 (0) [310, 330]
688 (0) [169, 848]
694 (0) [357, 826]
695 (0) [337, 742]
696 (0) [346, 886]
697 (0) [307, 370]
699 (0) [146, 254]
700 (0) [280, 299]
704 (0) [233, 356]
707 (0) [331, 886]
710 (0) [370, 860]
711 (0) [337, 809]
712 (0) [343, 848]
716 (0) [329, 354]
720 (0) [311, 986]
727 (0) [318, 369]
735 (0) [346, 369, 884]
736 (0) [353, 357, 874]
737 (0) [352, 354, 842]
738 (0) [358, 361, 806]
739 (0) [267, 359, 906]
740 (0) [286, 358, 880]
741 (0) [234, 264, 311]
742 (0) [369, 370, 695]
743 (0) [359, 364, 799]
744 (0) [345, 362, 370]
745 (0) [287, 342, 352]
746 (0) [368, 620, 954]
747 (0) [328, 354, 364]
749 (0) [267, 302, 868]
750 (0) [282, 370, 860]
752 (0) [352, 657, 816]
754 (0) [235, 365, 969]
757 (0) [308, 330, 340]
758 (0) [269, 354, 370]
759 (0) [320, 365, 790]
760 (0) [364, 993, 995]
762 (0) [361, 368, 732]
763 (0) [251, 344, 361]
765 (0) [260, 360, 955]
766 (0) [342, 353, 368]
768 (0) [361, 802, 981]
769 (0) [310, 866, 993]
772 (0) [360, 793, 962]
773 (0) [257, 621, 912]
774 (0) [84, 345, 353]
777 (0) [241, 317, 352]
780 (0) [358, 368, 799]
781 (0) [365, 825, 992]
782 (0) [338, 370, 970]
785 (0) [309, 361, 851]
786 (0) [297, 358, 365]
789 (0) [339, 369, 807, 889]
790 (0) [306, 369, 640, 759]
791 (0) [313, 346, 826, 875]
792 (0) [344, 365, 869, 881]
793 (0) [351, 356, 672, 772]
795 (0) [180, 188, 293, 882]
796 (0) [298, 319, 334, 346]
797 (0) [271, 311, 337, 365]
799 (0) [349, 743, 780, 873]
800 (0) [161, 248, 336, 337]
802 (0) [349, 357, 364, 768]
806 (0) [369, 738, 919, 923]
808 (0) [327, 343, 366, 929]
809 (0) [362, 371, 711, 908]
813 (0) [249, 255, 267, 365]
814 (0) [307, 358, 365, 877]
816 (0) [338, 368, 752, 927]
817 (0) [345, 360, 367, 983]
818 (0) [308, 325, 352, 360]
820 (0) [301, 338, 345, 359, 986]
824 (0) [127, 236, 306, 360, 368]
825 (0) [244, 320, 345, 781, 843]
826 (0) [337, 370, 694, 791, 980]
828 (0) [358, 361, 847, 930, 937]
835 (0) [226, 334, 361, 918, 975]
840 (0) [155, 298, 318, 360, 361]
842 (0) [253, 291, 369, 737, 994, 996]
843 (0) [335, 364, 748, 825, 845, 885]
847 (0) [276, 298, 321, 369, 828, 938]
848 (0) [312, 345, 688, 712, 977, 996]
850 (0) [203, 278, 861, 878, 973, 982]
855 (0) [212, 286, 308, 328, 812, 997]
857 (0) [276, 278, 293, 314, 362, 369, 838]
860 (0) [321, 360, 362, 683, 710, 750, 952]
865 (0) [151, 182, 317, 348, 360, 368, 939, 956]
866 (0) [294, 303, 359, 361, 364, 370, 769, 949]
867 (0) [126, 210, 258, 356, 371, 887, 901, 994]
868 (0) [259, 342, 353, 668, 749, 798, 883, 921]
869 (0) [252, 289, 320, 353, 360, 792, 887, 995]
871 (0) [119, 202, 296, 334, 349, 368, 369, 831]
874 (0) [336, 339, 357, 367, 368, 371, 637, 736, 900]
875 (0) [154, 178, 241, 287, 298, 363, 674, 791, 916]
876 (0) [228, 335, 366, 367, 369, 370, 936, 972, 988]
877 (0) [196, 197, 222, 299, 327, 352, 368, 814, 946]
878 (0) [192, 280, 356, 359, 643, 667, 850, 950, 960]
880 (0) [225, 304, 354, 355, 367, 368, 740, 858, 903, 943]
884 (0) [175, 227, 242, 257, 258, 262, 357, 367, 369, 639, 735, 770]
886 (0) [190, 241, 272, 327, 339, 358, 361, 365, 366, 696, 707, 922, 968]
887 (0) [205, 275, 312, 343, 354, 644, 804, 836, 867, 869, 898, 947, 957, 988, 992]
889 (0) [789]
898 (0) [887]
900 (0) [874]
901 (0) [867]
903 (0) [880]
906 (0) [739]
908 (0) [809]
912 (0) [773]
916 (0) [875]
918 (0) [835]
919 (0) [806]
921 (0) [868]
922 (0) [886]
923 (0) [806]
927 (0) [816]
929 (0) [808]
930 (0) [828]
936 (0) [876]
937 (0) [828]
938 (0) [847]
939 (0) [865]
943 (0) [880]
946 (0) [877]
947 (0) [887]
949 (0) [866]
950 (0) [878]
952 (0) [860]
954 (0) [746]
955 (0) [765]
956 (0) [865]
957 (0) [887]
960 (0) [878]
962 (0) [772]
968 (0) [886]
969 (0) [754]
970 (0) [782]
972 (0) [876]
973 (0) [850]
975 (0) [835]
977 (0) [848]
980 (0) [826]
981 (0) [768]
982 (0) [850]
983 (0) [817]
986 (0) [720, 820]
988 (0) [876, 887]
992 (0) [781, 887]
993 (0) [760, 769]
994 (0) [842, 867]
995 (0) [760, 869, 998]
996 (0) [842, 848, 999]
998 (0) [995]
999 (0) [996]
