2 (1) [1, 4, 6, 8, 16, 27, 52, 63, 64, 91, 104, 106, 114, 118, 133, 152, 160, 165, 215, 236, 237, 271, 276, 279, 299, 307, 322, 338, 361, 365, 367, 370]
3 (1) [1, 4, 5, 6, 7, 32, 46, 62, 74, 95, 111, 123, 134, 136, 137, 148, 161, 164, 173, 174, 178, 191, 200, 204, 209, 220, 228, 231, 251, 253, 265, 270, 273, 281, 295, 301, 304, 312, 318, 339, 345, 353, 354, 356, 360, 362, 365, 368, 371]
4 (1) [2, 3, 5, 7, 13, 22, 49, 54, 68, 69, 73, 77, 80, 82, 95, 102, 105, 107, 118, 135, 138, 146, 154, 158, 166, 172, 185, 193, 195, 198, 230, 233, 243, 245, 248, 250, 256, 268, 291, 303, 316, 323, 339, 342, 345, 346, 350, 357, 358, 359, 363, 367, 370]
6 (1) [1, 2, 3, 7, 8, 23, 24, 30, 38, 44, 47, 56, 67, 78, 85, 88, 92, 93, 100, 114, 117, 120, 122, 131, 139, 141, 143, 149, 154, 155, 162, 163, 179, 187, 189, 201, 203, 208, 213, 214, 222, 223, 224, 227, 252, 257, 290, 292, 294, 298, 300, 315, 316, 317, 318, 323, 325, 335, 336, 345, 347, 350, 351, 357, 361, 363, 364, 369, 370]
7 (1) [3, 4, 5, 6, 10, 15, 35, 45, 50, 53, 58, 61, 75, 86, 90, 116, 121, 122, 129, 132, 140, 145, 147, 159, 167, 171, 179, 182, 186, 191, 200, 206, 210, 214, 228, 229, 235, 240, 242, 246, 247, 249, 254, 258, 263, 272, 274, 284, 286, 296, 299, 301, 302, 313, 319, 323, 326, 334, 340, 348, 350, 356, 357, 360, 361, 362, 363, 366, 367, 371]
10 (1) [7]
13 (1) [4]
16 (1) [2]
22 (1) [4]
23 (1) [6]
24 (1) [6]
27 (1) [2]
30 (1) [6]
32 (1) [3]
35 (1) [7]
38 (1) [6]
44 (1) [6]
45 (1) [7]
46 (1) [3]
47 (1) [6]
49 (1) [4]
50 (1) [7]
52 (1) [2]
53 (1) [7]
54 (1) [4]
56 (1) [6]
58 (1) [7]
61 (1) [7]
62 (1) [3]
63 (1) [2]
64 (1) [2]
67 (1) [6]
68 (1) [4]
69 (1) [4]
73 (1) [4]
74 (1) [3]
75 (1) [7]
77 (1) [4]
78 (1) [6]
80 (1) [4]
82 (1) [4]
86 (1) [7, 873]
90 (1) [7, 268]
91 (1) [2, 317]
95 (1) [3, 4]
98 (1) [15, 371]
102 (1) [4, 885]
104 (1) [2, 368]
107 (1) [4, 350]
109 (1) [8, 325]
111 (1) [3, 312]
114 (1) [2, 6]
116 (1) [7, 8]
118 (1) [2, 4]
120 (1) [6, 371]
121 (1) [7, 348]
122 (1) [6, 7]
123 (1) [3, 370]
129 (1) [7, 846]
130 (1) [5, 294]
131 (1) [6, 315]
132 (1) [7, 15]
133 (1) [2, 231]
134 (1) [3, 331]
135 (1) [4, 356]
136 (1) [3, 307]
137 (1) [3, 361]
138 (1) [4, 858]
139 (1) [6, 348]
140 (1) [7, 371, 616]
145 (1) [7, 333, 341]
147 (1) [7, 336, 371]
148 (1) [3, 350, 356]
149 (1) [6, 268, 641]
150 (1) [15, 325, 366]
152 (1) [2, 15, 778]
154 (1) [4, 6, 875]
159 (1) [7, 365, 755]
160 (1) [2, 331, 803]
162 (1) [6, 292, 730]
163 (1) [6, 292, 328]
165 (1) [2, 603, 807]
166 (1) [4, 322, 714]
168 (1) [5, 333, 342]
170 (1) [1, 631, 872]
171 (1) [7, 543, 872]
172 (1) [4, 360, 851]
173 (1) [3, 219, 230]
174 (1) [3, 801, 872]
177 (1) [8, 207, 295]
178 (1) [3, 290, 875]
179 (1) [6, 7, 369]
181 (1) [15, 788, 858]
182 (1) [7, 291, 502, 865]
185 (1) [4, 272, 304, 347]
186 (1) [7, 299, 311, 371]
187 (1) [6, 304, 362, 856]
189 (1) [6, 244, 342, 861]
191 (1) [3, 7, 282, 691]
193 (1) [4, 371, 485, 882]
195 (1) [4, 333, 365, 526]
199 (1) [15, 344, 348, 815]
200 (1) [3, 7, 316, 358]
201 (1) [6, 348, 352, 364]
203 (1) [6, 366, 551, 850]
204 (1) [3, 366, 624, 846]
206 (1) [7, 341, 368, 693]
207 (1) [8, 177, 259, 883]
208 (1) [6, 343, 361, 879]
210 (1) [7, 334, 367, 867]
213 (1) [6, 268, 351, 371]
214 (1) [6, 7, 350, 454]
215 (1) [2, 260, 323, 460]
217 (1) [5, 243, 244, 583]
218 (1) [15, 291, 330, 347]
219 (1) [15, 173, 326, 556]
220 (1) [3, 332, 550, 599]
223 (1) [6, 337, 579, 872]
224 (1) [6, 344, 366, 370]
227 (1) [6, 362, 435, 858, 884]
228 (1) [3, 7, 238, 323, 876]
230 (1) [4, 8, 173, 823, 834]
231 (1) [1, 3, 133, 659, 714]
238 (1) [15, 228, 261, 779, 844]
242 (1) [7, 290, 332, 881, 884]
243 (1) [4, 217, 371, 470, 495]
247 (1) [7, 15, 266, 510, 563]
250 (1) [4, 274, 295, 367, 371]
251 (1) [3, 157, 302, 370, 763, 819]
252 (1) [5, 6, 369, 371, 834, 869]
253 (1) [3, 5, 273, 341, 371, 842]
256 (1) [4, 314, 332, 371, 548, 732]
260 (1) [8, 215, 328, 724, 765, 851]
261 (1) [5, 238, 357, 430, 572, 728]
263 (1) [7, 292, 327, 363, 499, 882]
265 (1) [3, 297, 322, 355, 366, 718, 854]
266 (1) [15, 247, 302, 371, 512, 761, 805]
268 (1) [4, 90, 149, 213, 353, 371, 681]
270 (1) [1, 3, 142, 310, 598, 801, 830]
272 (1) [7, 185, 355, 363, 513, 673, 886]
273 (1) [3, 253, 317, 340, 371, 417, 680]
274 (1) [7, 15, 250, 276, 364, 753, 849]
276 (1) [2, 8, 274, 366, 833, 847, 857]
279 (1) [2, 347, 353, 462, 656, 761, 803]
281 (1) [3, 284, 317, 327, 367, 479, 698]
282 (1) [8, 191, 351, 355, 356, 400, 750, 859]
283 (1) [8, 15, 349, 553, 734, 776, 879, 888]
284 (1) [7, 281, 313, 364, 369, 443, 788, 885]
290 (1) [6, 178, 242, 297, 364, 488, 812, 839]
291 (1) [4, 182, 218, 309, 332, 358, 842, 856]
292 (1) [6, 162, 163, 263, 300, 341, 349, 685]
294 (1) [6, 8, 130, 316, 321, 362, 439, 440, 866]
295 (1) [3, 15, 177, 250, 254, 344, 392, 751, 837]
300 (1) [5, 6, 292, 305, 332, 369, 554, 784, 821, 879]
301 (1) [3, 7, 8, 302, 329, 332, 359, 368, 820, 859]
302 (1) [7, 251, 266, 301, 360, 369, 497, 540, 749, 830]
304 (1) [3, 185, 187, 322, 324, 361, 368, 371, 852, 880]
305 (1) [5, 278, 300, 333, 340, 367, 625, 647, 778, 788]
312 (1) [3, 111, 367, 617, 658, 731, 755, 823, 848, 859, 887]
313 (1) [7, 284, 324, 339, 362, 366, 432, 751, 791, 829, 856]
314 (1) [8, 232, 256, 343, 371, 595, 611, 612, 665, 726, 837, 857]
315 (1) [6, 131, 229, 353, 363, 473, 632, 635, 650, 715, 779, 862]
316 (1) [4, 5, 6, 113, 200, 294, 346, 347, 660, 670, 708, 729]
317 (1) [6, 91, 273, 281, 310, 632, 680, 703, 777, 849, 854, 865]
321 (1) [5, 8, 233, 294, 325, 332, 363, 382, 726, 847, 860, 882, 883]
323 (1) [4, 6, 7, 215, 228, 285, 306, 334, 340, 607, 830, 841, 873]
325 (1) [6, 109, 150, 321, 359, 516, 764, 818, 822, 837, 844, 864, 882]
332 (1) [15, 188, 220, 242, 256, 291, 297, 300, 301, 321, 346, 347, 384, 883]
333 (1) [15, 145, 168, 195, 305, 348, 359, 363, 423, 626, 663, 734, 811, 845]
336 (1) [6, 8, 147, 277, 344, 362, 373, 441, 449, 623, 644, 800, 822, 831, 861, 874]
338 (1) [2, 361, 367, 425, 446, 496, 580, 706, 722, 782, 787, 810, 816, 820, 862, 870]
341 (1) [15, 145, 206, 253, 257, 292, 369, 387, 542, 657, 756, 775, 832, 839, 844, 881, 882]
342 (1) [4, 168, 189, 344, 366, 370, 371, 391, 537, 634, 662, 675, 745, 766, 805, 812, 868, 885]
347 (1) [6, 8, 185, 218, 279, 316, 319, 332, 360, 361, 366, 367, 378, 395, 517, 546, 691, 724, 748, 753, 836, 882]
348 (1) [5, 7, 121, 124, 139, 199, 201, 333, 344, 355, 359, 363, 364, 490, 523, 629, 723, 827, 854, 859, 865, 872]
350 (1) [4, 6, 7, 15, 107, 148, 214, 364, 368, 374, 585, 631, 645, 669, 684, 771, 803, 804, 845, 851, 863, 881]
355 (1) [8, 265, 272, 282, 306, 339, 348, 352, 358, 363, 381, 409, 471, 576, 625, 674, 687, 690, 770, 784, 827, 831, 846, 880]
358 (1) [4, 200, 255, 291, 299, 352, 355, 364, 457, 484, 500, 501, 565, 615, 651, 653, 719, 738, 740, 780, 786, 814, 827, 828, 841, 886]
363 (1) [4, 6, 7, 15, 225, 263, 272, 303, 315, 321, 329, 331, 333, 345, 348, 349, 354, 355, 364, 366, 367, 396, 472, 581, 609, 610, 638, 702, 761, 783, 788, 815, 823, 839, 852, 863, 875, 888]
366 (1) [7, 8, 89, 150, 203, 204, 224, 265, 276, 298, 308, 313, 328, 339, 342, 346, 347, 351, 354, 359, 363, 367, 368, 371, 379, 397, 422, 461, 483, 494, 582, 602, 647, 705, 767, 807, 808, 836, 864, 876, 881, 886]
367 (1) [2, 4, 7, 210, 250, 269, 281, 303, 305, 310, 312, 331, 337, 338, 344, 347, 357, 363, 365, 366, 369, 371, 410, 467, 530, 592, 627, 628, 659, 679, 717, 733, 787, 817, 830, 838, 856, 874, 876, 879, 880, 884]
371 (1) [1, 3, 7, 98, 120, 140, 147, 186, 193, 194, 213, 243, 250, 252, 253, 256, 266, 268, 273, 296, 304, 311, 314, 318, 342, 349, 352, 353, 354, 366, 367, 369, 385, 386, 405, 418, 428, 438, 447, 453, 455, 464, 474, 478, 521, 522, 558, 570, 578, 641, 664, 677, 708, 734, 748, 767, 794, 798, 804, 809, 811, 821, 833, 849, 867, 873, 874, 888]
373 (1) [336]
374 (1) [350]
378 (1) [347]
379 (1) [366]
381 (1) [355]
382 (1) [321]
384 (1) [332]
385 (1) [371]
386 (1) [371]
387 (1) [341]
391 (1) [342]
392 (1) [295]
395 (1) [347]
396 (1) [363]
397 (1) [366]
400 (1) [282]
405 (1) [371]
409 (1) [355]
410 (1) [367]
417 (1) [273]
418 (1) [371]
422 (1) [366]
423 (1) [333]
425 (1) [338]
428 (1) [371]
430 (1) [261]
432 (1) [313]
435 (1) [227]
438 (1) [371]
439 (1) [294]
440 (1) [294]
441 (1) [336]
443 (1) [284]
446 (1) [338]
447 (1) [371]
449 (1) [336]
453 (1) [371]
454 (1) [214]
455 (1) [371]
457 (1) [358]
460 (1) [215]
461 (1) [366]
462 (1) [279]
464 (1) [371]
467 (1) [367]
470 (1) [243]
471 (1) [355]
472 (1) [363]
473 (1) [315]
474 (1) [371]
478 (1) [371]
479 (1) [281]
483 (1) [366]
484 (1) [358]
485 (1) [193]
488 (1) [290]
490 (1) [348]
494 (1) [366]
495 (1) [243]
496 (1) [338]
497 (1) [302]
499 (1) [263]
500 (1) [358]
501 (1) [358]
502 (1) [182]
510 (1) [247]
512 (1) [266]
513 (1) [272]
516 (1) [325]
517 (1) [347]
521 (1) [371]
522 (1) [371]
523 (1) [348]
526 (1) [195]
530 (1) [367]
537 (1) [342]
540 (1) [302]
542 (1) [341]
543 (1) [171]
546 (1) [347]
548 (1) [256]
550 (1) [220]
551 (1) [203]
553 (1) [283]
554 (1) [300]
556 (1) [219]
558 (1) [371]
563 (1) [247]
565 (1) [358]
570 (1) [371]
572 (1) [261]
576 (1) [355]
578 (1) [371]
579 (1) [223]
580 (1) [338]
581 (1) [363]
582 (1) [366]
583 (1) [217]
585 (1) [350]
592 (1) [367]
595 (1) [314]
598 (1) [270]
599 (1) [220]
602 (1) [366]
603 (1) [165]
607 (1) [323]
609 (1) [363]
610 (1) [363]
611 (1) [314]
612 (1) [314]
615 (1) [358]
616 (1) [140]
617 (1) [312, 364]
619 (1) [183, 841]
623 (1) [336, 361]
624 (1) [204, 343]
625 (1) [305, 355]
626 (1) [333, 821]
627 (1) [354, 367]
628 (1) [359, 367]
629 (1) [348, 349]
631 (1) [170, 350]
632 (1) [315, 317]
634 (1) [342, 873]
635 (1) [315, 370]
638 (1) [363, 841]
641 (1) [149, 371]
644 (1) [336, 887]
645 (1) [350, 861]
647 (1) [305, 366]
649 (1) [359, 885]
650 (1) [315, 319]
651 (1) [358, 885]
653 (1) [358, 873]
654 (1) [369, 864]
656 (1) [279, 907]
657 (1) [341, 752]
658 (1) [312, 368]
659 (1) [231, 367]
660 (1) [316, 320]
661 (1) [275, 882]
662 (1) [342, 370]
663 (1) [333, 832]
664 (1) [362, 371]
665 (1) [314, 851]
669 (1) [350, 864]
670 (1) [316, 365]
673 (1) [272, 926]
674 (1) [355, 875]
675 (1) [342, 917]
677 (1) [369, 371]
679 (1) [367, 770]
680 (1) [273, 317]
681 (1) [268, 293]
682 (1) [359, 879]
684 (1) [350, 357]
685 (1) [292, 343]
687 (1) [320, 355]
689 (1) [310, 858]
690 (1) [355, 365]
691 (1) [191, 347]
692 (1) [346, 854]
693 (1) [206, 330]
698 (1) [281, 834]
701 (1) [365, 831]
702 (1) [353, 363]
703 (1) [278, 317]
705 (1) [366, 801]
706 (1) [319, 338]
708 (1) [316, 371]
709 (1) [344, 940]
713 (1) [356, 870]
714 (1) [166, 231]
715 (1) [315, 337]
717 (1) [367, 775]
718 (1) [265, 277]
719 (1) [329, 358]
721 (1) [364, 888]
722 (1) [338, 361]
723 (1) [348, 368]
724 (1) [260, 347]
725 (1) [331, 837]
726 (1) [314, 321]
728 (1) [261, 815]
729 (1) [316, 863]
730 (1) [162, 351]
731 (1) [312, 783]
732 (1) [256, 762]
733 (1) [367, 888]
734 (1) [283, 333, 371]
748 (1) [347, 371, 843]
751 (1) [295, 313, 989]
753 (1) [274, 347, 883]
755 (1) [159, 312, 370]
756 (1) [327, 341, 976]
761 (1) [266, 279, 363]
764 (1) [325, 360, 990]
767 (1) [365, 366, 371]
770 (1) [355, 679, 884]
771 (1) [350, 872, 888]
775 (1) [341, 717, 819]
776 (1) [283, 343, 997]
778 (1) [152, 305, 948]
779 (1) [238, 315, 344]
783 (1) [363, 365, 731]
784 (1) [300, 355, 357]
787 (1) [338, 354, 367, 870]
788 (1) [181, 284, 305, 363]
794 (1) [334, 371, 896, 932]
798 (1) [346, 371, 864, 868]
801 (1) [174, 270, 287, 705]
803 (1) [160, 279, 350, 836]
804 (1) [350, 371, 870, 887]
805 (1) [266, 342, 832, 841]
807 (1) [165, 366, 789, 895]
810 (1) [338, 370, 911, 984]
811 (1) [333, 371, 852, 853]
812 (1) [290, 342, 855, 942]
815 (1) [199, 216, 363, 728]
819 (1) [251, 370, 775, 934]
821 (1) [300, 371, 626, 928, 967]
822 (1) [325, 336, 362, 365, 859]
823 (1) [230, 312, 340, 362, 363]
827 (1) [348, 355, 358, 985, 991]
829 (1) [313, 334, 845, 883, 987]
830 (1) [270, 302, 323, 367, 838]
831 (1) [336, 339, 355, 701, 871]
832 (1) [341, 349, 362, 663, 805]
833 (1) [276, 335, 371, 953, 966]
834 (1) [230, 252, 353, 698, 882]
836 (1) [347, 360, 366, 803, 887]
837 (1) [295, 314, 325, 353, 725]
838 (1) [311, 367, 830, 857, 959]
839 (1) [290, 341, 363, 369, 924]
841 (1) [323, 324, 358, 619, 638, 805]
844 (1) [238, 325, 341, 361, 864, 958]
845 (1) [333, 343, 350, 829, 843, 989]
846 (1) [129, 204, 287, 326, 337, 355]
849 (1) [274, 285, 317, 371, 859, 991]
851 (1) [172, 260, 277, 350, 665, 785]
852 (1) [304, 363, 811, 893, 914, 997]
853 (1) [237, 326, 365, 811, 858, 963]
854 (1) [265, 297, 317, 348, 360, 692]
856 (1) [187, 291, 313, 345, 349, 365, 367]
858 (1) [138, 181, 227, 362, 689, 853, 880]
859 (1) [192, 282, 301, 312, 348, 822, 849]
861 (1) [180, 189, 322, 336, 645, 850, 945]
862 (1) [197, 315, 335, 338, 935, 944, 974]
863 (1) [334, 350, 357, 363, 729, 925, 978]
864 (1) [325, 352, 366, 654, 669, 798, 844]
870 (1) [331, 338, 356, 359, 713, 787, 804, 904]
872 (1) [170, 171, 174, 223, 348, 771, 881, 888]
873 (1) [86, 323, 365, 371, 634, 653, 799, 891, 909]
879 (1) [144, 208, 283, 300, 330, 367, 682, 920, 987, 990]
881 (1) [242, 341, 350, 366, 368, 792, 872, 894, 971, 979]
882 (1) [193, 263, 321, 325, 341, 347, 661, 795, 834, 961, 964]
883 (1) [207, 321, 329, 332, 361, 753, 829, 868, 913, 931, 941]
885 (1) [102, 284, 309, 342, 354, 359, 649, 651, 843, 905, 951, 965]
888 (1) [101, 110, 156, 283, 335, 363, 364, 371, 721, 733, 771, 872, 890, 892, 897, 899, 902, 910, 915, 933]
890 (1) [888]
891 (1) [873]
892 (1) [888]
893 (1) [852]
894 (1) [881]
895 (1) [807]
896 (1) [794]
897 (1) [888]
899 (1) [888]
902 (1) [888]
904 (1) [870]
905 (1) [885]
907 (1) [656]
909 (1) [873]
910 (1) [888]
911 (1) [810]
913 (1) [883]
914 (1) [852]
915 (1) [888]
917 (1) [675]
920 (1) [879]
924 (1) [839]
925 (1) [863]
926 (1) [673]
928 (1) [821]
931 (1) [883]
932 (1) [794]
933 (1) [888]
934 (1) [819]
935 (1) [862]
940 (1) [709]
941 (1) [883]
942 (1) [812]
944 (1) [862]
945 (1) [861]
948 (1) [778]
951 (1) [885]
953 (1) [833]
958 (1) [844]
959 (1) [838]
961 (1) [882]
963 (1) [853]
964 (1) [882]
965 (1) [885]
966 (1) [833]
967 (1) [821]
971 (1) [881]
974 (1) [862]
976 (1) [756]
978 (1) [863]
979 (1) [881]
984 (1) [810]
985 (1) [827]
987 (1) [829, 879]
989 (1) [751, 845]
990 (1) [764, 879]
991 (1) [827, 849]
997 (1) [776, 852, 855]
