1 (1)  [2, 3, 5, 6, 8, 15, 19, 20, 25, 28, 33, 36, 97, 124, 170, 198, 202, 231, 237, 244, 254, 270, 280, 288, 343, 344, 345, 346, 349, 371]
2 (1)  [1, 4, 6, 8, 16, 27, 52, 63, 64, 91, 104, 106, 114, 118, 133, 152, 160, 165, 215, 236, 237, 271, 276, 279, 299, 307, 322, 338, 361, 365, 367, 370]
3 (1)  [1, 4, 5, 6, 7, 32, 46, 62, 74, 95, 111, 123, 134, 136, 137, 148, 161, 164, 173, 174, 178, 191, 200, 204, 209, 220, 228, 231, 251, 253, 265, 270, 273, 281, 295, 301, 304, 312, 318, 339, 345, 353, 354, 356, 360, 362, 365, 368, 371]
4 (1)  [2, 3, 5, 7, 13, 22, 49, 54, 68, 69, 73, 77, 80, 82, 95, 102, 105, 107, 118, 135, 138, 146, 154, 158, 166, 172, 185, 193, 195, 198, 230, 233, 243, 245, 248, 250, 256, 268, 291, 303, 316, 323, 339, 342, 345, 346, 350, 357, 358, 359, 363, 367, 370]
5 (1)  [1, 3, 4, 7, 8, 9, 14, 15, 39, 40, 41, 42, 89, 94, 103, 112, 127, 128, 130, 153, 156, 157, 168, 169, 190, 216, 217, 225, 226, 232, 234, 239, 241, 252, 253, 255, 261, 262, 275, 280, 289, 300, 305, 307, 308, 316, 320, 321, 328, 330, 331, 343, 345, 346, 348, 352, 364, 365]
6 (1)  [1, 2, 3, 7, 8, 23, 24, 30, 38, 44, 47, 56, 67, 78, 85, 88, 92, 93, 100, 114, 117, 120, 122, 131, 139, 141, 143, 149, 154, 155, 162, 163, 179, 187, 189, 201, 203, 208, 213, 214, 222, 223, 224, 227, 252, 257, 290, 292, 294, 298, 300, 315, 316, 317, 318, 323, 325, 335, 336, 345, 347, 350, 351, 357, 361, 363, 364, 369, 370]
7 (1)  [3, 4, 5, 6, 10, 15, 35, 45, 50, 53, 58, 61, 75, 86, 90, 116, 121, 122, 129, 132, 140, 145, 147, 159, 167, 171, 179, 182, 186, 191, 200, 206, 210, 214, 228, 229, 235, 240, 242, 246, 247, 249, 254, 258, 263, 272, 274, 284, 286, 296, 299, 301, 302, 313, 319, 323, 326, 334, 340, 348, 350, 356, 357, 360, 361, 362, 363, 366, 367, 371]
8 (1)  [1, 2, 5, 6, 18, 29, 37, 43, 57, 59, 60, 65, 66, 72, 76, 79, 83, 87, 99, 106, 109, 116, 119, 125, 143, 151, 158, 175, 177, 180, 184, 194, 196, 197, 205, 207, 211, 212, 221, 230, 246, 260, 269, 275, 276, 278, 280, 282, 283, 285, 289, 293, 294, 297, 301, 306, 309, 311, 314, 321, 326, 330, 336, 337, 340, 346, 347, 351, 352, 355, 356, 359, 362, 364, 366, 368, 369, 370]
9 (2)  [5]
10 (2)  [7]
11 (2)  [15]
12 (2)  [15]
13 (2)  [4]
14 (2)  [5]
15 (2)  [1]
16 (2)  [2]
17 (2)  [15]
18 (2)  [8]
19 (2)  [1]
20 (2)  [1]
21 (2)  [15]
22 (2)  [4]
23 (2)  [6]
24 (2)  [6]
25 (2)  [1]
26 (2)  [15]
27 (2)  [2]
28 (2)  [1]
29 (2)  [8]
30 (2)  [6]
31 (2)  [15]
32 (2)  [3]
33 (2)  [1]
34 (2)  [15]
35 (2)  [7]
36 (2)  [1]
37 (2)  [8]
38 (2)  [6]
39 (2)  [5]
40 (2)  [5]
41 (2)  [5]
42 (2)  [5]
43 (2)  [8]
44 (2)  [6]
45 (2)  [7]
46 (2)  [3]
47 (2)  [6]
48 (2)  [15]
49 (2)  [4]
50 (2)  [7]
51 (2)  [15]
52 (2)  [2]
53 (2)  [7]
54 (2)  [4]
55 (2)  [15]
56 (2)  [6]
57 (2)  [8]
58 (2)  [7]
59 (2)  [8]
60 (2)  [8]
61 (2)  [7]
62 (2)  [3]
63 (2)  [2]
64 (2)  [2]
65 (2)  [8]
66 (2)  [8]
67 (2)  [6]
68 (2)  [4]
69 (2)  [4]
70 (2)  [15]
71 (2)  [15]
72 (2)  [8]
73 (2)  [4]
74 (2)  [3]
75 (2)  [7]
76 (2)  [8]
77 (2)  [4]
78 (2)  [6]
79 (2)  [8]
80 (2)  [4]
81 (2)  [15]
82 (2)  [4]
83 (2)  [8]
84 (2)  [15, 774]
85 (3)  [6, 353]
86 (2)  [7, 873]
87 (3)  [8, 340]
88 (3)  [6, 362]
89 (3)  [5, 366]
90 (3)  [7, 268]
91 (3)  [2, 317]
92 (3)  [6, 345]
93 (3)  [6, 289]
94 (3)  [5, 339]
95 (2)  [3, 4]
96 (3)  [15, 334]
97 (3)  [1, 360]
98 (3)  [15, 371]
99 (3)  [8, 337]
100 (3)  [6, 245]
101 (2)  [15, 888]
102 (2)  [4, 885]
103 (3)  [5, 235]
104 (3)  [2, 368]
105 (3)  [4, 357]
106 (2)  [2, 8]
107 (3)  [4, 350]
108 (3)  [15, 364]
109 (3)  [8, 325]
110 (2)  [15, 888]
111 (3)  [3, 312]
112 (3)  [5, 286]
113 (3)  [15, 316]
114 (2)  [2, 6]
115 (3)  [15, 349]
116 (2)  [7, 8]
117 (2)  [6, 15]
118 (2)  [2, 4]
119 (2)  [8, 871]
120 (3)  [6, 371]
121 (3)  [7, 348]
122 (2)  [6, 7]
123 (3)  [3, 370]
124 (3)  [1, 348]
125 (3)  [8, 198]
126 (2)  [15, 867]
127 (2)  [5, 824]
128 (3)  [5, 328]
129 (2)  [7, 846]
130 (3)  [5, 294]
131 (3)  [6, 315]
132 (2)  [7, 15]
133 (3)  [2, 231]
134 (3)  [3, 331]
135 (3)  [4, 356]
136 (3)  [3, 307]
137 (3)  [3, 361]
138 (2)  [4, 858]
139 (3)  [6, 348]
140 (2)  [7, 371, 616]
141 (3)  [6, 361, 369]
142 (3)  [15, 270, 346]
143 (3)  [6, 8, 370]
144 (3)  [15, 353, 879]
145 (3)  [7, 333, 341]
146 (3)  [4, 361, 699]
147 (3)  [7, 336, 371]
148 (3)  [3, 350, 356]
149 (3)  [6, 268, 641]
150 (3)  [15, 325, 366]
151 (3)  [8, 365, 865]
152 (2)  [2, 15, 778]
153 (2)  [5, 356, 536]
154 (2)  [4, 6, 875]
155 (3)  [6, 329, 840]
156 (2)  [5, 15, 888]
157 (3)  [5, 251, 365]
158 (3)  [4, 8, 296]
159 (3)  [7, 365, 755]
160 (3)  [2, 331, 803]
161 (3)  [3, 354, 800]
162 (3)  [6, 292, 730]
163 (3)  [6, 292, 328]
164 (3)  [3, 234, 351]
165 (2)  [2, 603, 807]
166 (3)  [4, 322, 714]
167 (2)  [7, 343, 448]
168 (3)  [5, 333, 342]
169 (2)  [5, 264, 688]
170 (2)  [1, 631, 872]
171 (2)  [7, 543, 872]
172 (3)  [4, 360, 851]
173 (3)  [3, 219, 230]
174 (2)  [3, 801, 872]
175 (3)  [8, 229, 884]
176 (2)  [15, 529, 590]
177 (3)  [8, 207, 295]
178 (3)  [3, 290, 875]
179 (3)  [6, 7, 369]
180 (2)  [8, 795, 861]
181 (2)  [15, 788, 858]
182 (2)  [7, 291, 502, 865]
183 (2)  [15, 364, 534, 619]
184 (3)  [8, 343, 362, 655]
185 (3)  [4, 272, 304, 347]
186 (3)  [7, 299, 311, 371]
187 (3)  [6, 304, 362, 856]
188 (3)  [15, 332, 351, 795]
189 (3)  [6, 244, 342, 861]
190 (2)  [5, 337, 639, 886]
191 (3)  [3, 7, 282, 691]
192 (2)  [15, 452, 859, 878]
193 (2)  [4, 371, 485, 882]
194 (3)  [8, 15, 369, 371]
195 (2)  [4, 333, 365, 526]
196 (3)  [8, 345, 357, 877]
197 (3)  [8, 343, 862, 877]
198 (2)  [1, 4, 125, 361]
199 (3)  [15, 344, 348, 815]
200 (3)  [3, 7, 316, 358]
201 (3)  [6, 348, 352, 364]
202 (2)  [1, 370, 506, 871]
203 (2)  [6, 366, 551, 850]
204 (3)  [3, 366, 624, 846]
205 (3)  [8, 293, 340, 887]
206 (3)  [7, 341, 368, 693]
207 (3)  [8, 177, 259, 883]
208 (3)  [6, 343, 361, 879]
209 (3)  [3, 240, 331, 340]
210 (3)  [7, 334, 367, 867]
211 (2)  [8, 245, 354, 577]
212 (2)  [8, 352, 477, 855]
213 (3)  [6, 268, 351, 371]
214 (2)  [6, 7, 350, 454]
215 (2)  [2, 260, 323, 460]
216 (3)  [5, 308, 362, 815]
217 (2)  [5, 243, 244, 583]
218 (3)  [15, 291, 330, 347]
219 (2)  [15, 173, 326, 556]
220 (2)  [3, 332, 550, 599]
221 (3)  [8, 262, 343, 370]
222 (3)  [6, 296, 344, 877]
223 (2)  [6, 337, 579, 872]
224 (3)  [6, 344, 366, 370]
225 (3)  [5, 232, 362, 363, 880]
226 (2)  [5, 15, 486, 524, 835]
227 (2)  [6, 362, 435, 858, 884]
228 (3)  [3, 7, 238, 323, 876]
229 (2)  [7, 175, 296, 315, 633]
230 (2)  [4, 8, 173, 823, 834]
231 (2)  [1, 3, 133, 659, 714]
232 (3)  [5, 225, 311, 314, 361]
233 (3)  [4, 321, 335, 364, 704]
234 (2)  [5, 164, 362, 514, 741]
235 (2)  [7, 103, 345, 370, 754]
236 (2)  [2, 351, 364, 560, 824]
237 (3)  [1, 2, 306, 351, 853]
238 (3)  [15, 228, 261, 779, 844]
239 (2)  [5, 361, 362, 573, 637]
240 (3)  [7, 15, 209, 277, 288]
241 (2)  [5, 445, 777, 875, 886]
242 (3)  [7, 290, 332, 881, 884]
243 (2)  [4, 217, 371, 470, 495]
244 (3)  [1, 189, 217, 331, 825]
245 (2)  [4, 100, 211, 306, 362]
246 (3)  [7, 8, 15, 352, 364]
247 (2)  [7, 15, 266, 510, 563]
248 (2)  [4, 285, 365, 456, 800]
249 (3)  [7, 15, 369, 676, 813]
250 (3)  [4, 274, 295, 367, 371]
251 (3)  [3, 157, 302, 370, 763, 819]
252 (3)  [5, 6, 369, 371, 834, 869]
253 (3)  [3, 5, 273, 341, 371, 842]
254 (2)  [1, 7, 295, 360, 525, 699]
255 (3)  [5, 303, 324, 358, 370, 813]
256 (2)  [4, 314, 332, 371, 548, 732]
257 (2)  [6, 335, 341, 605, 773, 884]
258 (3)  [7, 298, 346, 370, 867, 884]
259 (2)  [15, 207, 337, 354, 676, 868]
260 (3)  [8, 215, 328, 724, 765, 851]
261 (2)  [5, 238, 357, 430, 572, 728]
262 (2)  [5, 221, 285, 344, 458, 884]
263 (2)  [7, 292, 327, 363, 499, 882]
264 (2)  [15, 169, 491, 588, 643, 741]
265 (3)  [3, 297, 322, 355, 366, 718, 854]
266 (2)  [15, 247, 302, 371, 512, 761, 805]
267 (2)  [15, 352, 511, 547, 739, 749, 813]
268 (2)  [4, 90, 149, 213, 353, 371, 681]
269 (2)  [8, 344, 367, 369, 492, 606, 758]
270 (2)  [1, 3, 142, 310, 598, 801, 830]
271 (3)  [2, 340, 354, 362, 364, 369, 797]
272 (2)  [7, 185, 355, 363, 513, 673, 886]
273 (2)  [3, 253, 317, 340, 371, 417, 680]
274 (3)  [7, 15, 250, 276, 364, 753, 849]
275 (2)  [5, 8, 303, 310, 370, 661, 887]
276 (3)  [2, 8, 274, 366, 833, 847, 857]
277 (2)  [15, 240, 289, 336, 648, 718, 851]
278 (3)  [8, 305, 359, 646, 703, 850, 857]
279 (2)  [2, 347, 353, 462, 656, 761, 803]
280 (2)  [1, 5, 8, 15, 538, 700, 878]
281 (2)  [3, 284, 317, 327, 367, 479, 698]
282 (2)  [8, 191, 351, 355, 356, 400, 750, 859]
283 (2)  [8, 15, 349, 553, 734, 776, 879, 888]
284 (2)  [7, 281, 313, 364, 369, 443, 788, 885]
285 (2)  [8, 248, 262, 323, 369, 535, 614, 849]
286 (2)  [7, 112, 334, 340, 343, 622, 740, 855]
287 (3)  [15, 309, 327, 346, 745, 801, 846, 875]
288 (2)  [1, 240, 324, 362, 368, 568, 594, 648]
289 (2)  [5, 8, 93, 277, 293, 330, 476, 869]
290 (2)  [6, 178, 242, 297, 364, 488, 812, 839]
291 (3)  [4, 182, 218, 309, 332, 358, 842, 856]
292 (2)  [6, 162, 163, 263, 300, 341, 349, 685]
293 (3)  [8, 15, 205, 289, 354, 681, 795, 857]
294 (2)  [6, 8, 130, 316, 321, 362, 439, 440, 866]
295 (2)  [3, 15, 177, 250, 254, 344, 392, 751, 837]
296 (2)  [7, 158, 222, 229, 324, 349, 371, 533, 871]
297 (2)  [8, 265, 290, 332, 365, 451, 531, 786, 854]
298 (2)  [6, 258, 365, 366, 655, 796, 840, 847, 875]
299 (3)  [2, 7, 15, 186, 358, 359, 362, 700, 877]
300 (2)  [5, 6, 292, 305, 332, 369, 554, 784, 821, 879]
301 (3)  [3, 7, 8, 302, 329, 332, 359, 368, 820, 859]
302 (2)  [7, 251, 266, 301, 360, 369, 497, 540, 749, 830]
303 (2)  [4, 255, 275, 363, 364, 367, 370, 408, 613, 866]
304 (3)  [3, 185, 187, 322, 324, 361, 368, 371, 852, 880]
305 (3)  [5, 278, 300, 333, 340, 367, 625, 647, 778, 788]
306 (2)  [8, 237, 245, 323, 351, 355, 528, 604, 790, 824]
307 (2)  [2, 5, 136, 324, 326, 335, 352, 388, 697, 814]
308 (2)  [5, 216, 319, 354, 357, 360, 366, 487, 757, 818, 855]
309 (2)  [8, 287, 291, 337, 339, 357, 442, 463, 498, 785, 885]
310 (2)  [15, 270, 275, 317, 353, 364, 367, 630, 686, 689, 769]
311 (2)  [8, 186, 232, 357, 369, 371, 450, 720, 741, 797, 838]
312 (2)  [3, 111, 367, 617, 658, 731, 755, 823, 848, 859, 887]
313 (2)  [7, 284, 324, 339, 362, 366, 432, 751, 791, 829, 856]
314 (2)  [8, 232, 256, 343, 371, 595, 611, 612, 665, 726, 837, 857]
315 (2)  [6, 131, 229, 353, 363, 473, 632, 635, 650, 715, 779, 862]
316 (2)  [4, 5, 6, 113, 200, 294, 346, 347, 660, 670, 708, 729]
317 (2)  [6, 91, 273, 281, 310, 632, 680, 703, 777, 849, 854, 865]
318 (2)  [3, 6, 15, 327, 357, 360, 364, 371, 507, 557, 596, 727, 840]
319 (2)  [7, 308, 339, 345, 347, 354, 362, 393, 420, 527, 650, 706, 796]
320 (3)  [5, 15, 331, 349, 357, 361, 365, 642, 660, 687, 759, 825, 869]
321 (2)  [5, 8, 233, 294, 325, 332, 363, 382, 726, 847, 860, 882, 883]
322 (2)  [2, 166, 265, 304, 339, 357, 359, 414, 480, 489, 549, 566, 861]
323 (2)  [4, 6, 7, 215, 228, 285, 306, 334, 340, 607, 830, 841, 873]
324 (2)  [15, 255, 288, 296, 304, 307, 313, 364, 406, 515, 532, 671, 841]
325 (2)  [6, 109, 150, 321, 359, 516, 764, 818, 822, 837, 844, 864, 882]
326 (2)  [7, 8, 219, 307, 327, 344, 349, 368, 370, 555, 569, 846, 853]
327 (2)  [15, 263, 281, 287, 318, 326, 365, 394, 608, 756, 808, 877, 886]
328 (2)  [5, 128, 163, 260, 329, 330, 364, 366, 369, 434, 600, 747, 855]
329 (2)  [15, 155, 301, 328, 349, 359, 360, 362, 363, 468, 716, 719, 883]
330 (2)  [5, 8, 218, 289, 328, 357, 368, 545, 591, 621, 686, 693, 757, 879]
331 (2)  [5, 134, 160, 209, 244, 320, 363, 367, 368, 421, 505, 707, 725, 870]
332 (2)  [15, 188, 220, 242, 256, 291, 297, 300, 301, 321, 346, 347, 384, 883]
333 (2)  [15, 145, 168, 195, 305, 348, 359, 363, 423, 626, 663, 734, 811, 845]
334 (2)  [7, 96, 210, 286, 323, 352, 353, 475, 671, 794, 796, 829, 835, 863, 871]
335 (2)  [6, 15, 233, 257, 307, 370, 436, 586, 589, 642, 646, 833, 843, 862, 876, 888]
336 (2)  [6, 8, 147, 277, 344, 362, 373, 441, 449, 623, 644, 800, 822, 831, 861, 874]
337 (2)  [8, 15, 99, 190, 223, 259, 309, 356, 367, 695, 711, 715, 797, 800, 826, 846]
338 (2)  [2, 361, 367, 425, 446, 496, 580, 706, 722, 782, 787, 810, 816, 820, 862, 870]
339 (2)  [3, 4, 94, 309, 313, 319, 322, 351, 355, 365, 366, 544, 620, 789, 831, 874, 886]
340 (2)  [7, 8, 15, 87, 205, 209, 271, 273, 286, 305, 323, 364, 368, 559, 668, 757, 823]
341 (2)  [15, 145, 206, 253, 257, 292, 369, 387, 542, 657, 756, 775, 832, 839, 844, 881, 882]
342 (2)  [4, 168, 189, 344, 366, 370, 371, 391, 537, 634, 662, 675, 745, 766, 805, 812, 868, 885]
343 (2)  [1, 5, 167, 184, 197, 208, 221, 286, 314, 349, 352, 503, 552, 624, 685, 712, 776, 808, 845, 887]
344 (2)  [1, 15, 199, 222, 224, 262, 269, 295, 326, 336, 342, 346, 348, 367, 368, 370, 709, 763, 779, 792]
345 (2)  [1, 3, 4, 5, 6, 15, 92, 196, 235, 319, 351, 352, 363, 402, 744, 774, 817, 820, 825, 848, 856]
346 (2)  [1, 4, 5, 8, 142, 258, 287, 316, 332, 344, 366, 370, 377, 466, 482, 652, 692, 696, 735, 791, 796, 798]
347 (2)  [6, 8, 185, 218, 279, 316, 319, 332, 360, 361, 366, 367, 378, 395, 517, 546, 691, 724, 748, 753, 836, 882]
348 (2)  [5, 7, 121, 124, 139, 199, 201, 333, 344, 355, 359, 363, 364, 490, 523, 629, 723, 827, 854, 859, 865, 872]
349 (2)  [1, 115, 283, 292, 296, 320, 326, 329, 343, 363, 368, 371, 390, 520, 629, 636, 683, 799, 802, 832, 856, 871]
350 (2)  [4, 6, 7, 15, 107, 148, 214, 364, 368, 374, 585, 631, 645, 669, 684, 771, 803, 804, 845, 851, 863, 881]
351 (2)  [6, 8, 15, 164, 188, 213, 236, 237, 282, 306, 339, 345, 365, 366, 368, 376, 401, 465, 539, 678, 730, 793]
352 (2)  [5, 8, 15, 201, 212, 246, 267, 307, 334, 343, 345, 355, 357, 358, 371, 437, 737, 745, 752, 777, 818, 864, 877]
353 (2)  [3, 85, 144, 268, 279, 310, 315, 334, 369, 370, 371, 407, 433, 508, 678, 702, 736, 766, 774, 834, 837, 868, 869]
354 (2)  [3, 15, 161, 211, 259, 271, 293, 308, 319, 361, 362, 363, 366, 371, 372, 627, 716, 737, 747, 758, 787, 880, 885, 887]
355 (2)  [8, 265, 272, 282, 306, 339, 348, 352, 358, 363, 381, 409, 471, 576, 625, 674, 687, 690, 770, 784, 827, 831, 846, 880]
356 (2)  [3, 7, 8, 135, 148, 153, 282, 337, 359, 365, 368, 370, 412, 431, 469, 519, 541, 575, 636, 666, 704, 713, 793, 867, 870, 878]
357 (2)  [4, 6, 7, 105, 196, 261, 308, 309, 311, 318, 320, 322, 330, 352, 364, 367, 368, 413, 684, 694, 736, 784, 802, 863, 874, 884]
358 (2)  [4, 200, 255, 291, 299, 352, 355, 364, 457, 484, 500, 501, 565, 615, 651, 653, 719, 738, 740, 780, 786, 814, 827, 828, 841, 886]
359 (2)  [4, 8, 278, 299, 301, 322, 325, 329, 333, 348, 356, 360, 361, 365, 366, 369, 375, 459, 587, 628, 649, 682, 739, 743, 820, 866, 870, 878, 885]
360 (2)  [3, 7, 97, 172, 254, 302, 308, 318, 329, 347, 359, 362, 370, 429, 567, 571, 584, 764, 765, 772, 817, 818, 824, 836, 840, 854, 860, 865, 869]
361 (2)  [2, 6, 7, 137, 141, 146, 198, 208, 232, 239, 304, 320, 338, 347, 354, 359, 369, 380, 398, 623, 652, 666, 722, 738, 762, 763, 768, 785, 828, 835, 840, 844, 866, 883, 886]
362 (2)  [3, 7, 8, 88, 184, 187, 216, 225, 227, 234, 239, 245, 271, 288, 294, 299, 313, 319, 329, 336, 354, 360, 364, 370, 562, 630, 664, 744, 809, 822, 823, 832, 857, 858, 860]
363 (2)  [4, 6, 7, 15, 225, 263, 272, 303, 315, 321, 329, 331, 333, 345, 348, 349, 354, 355, 364, 366, 367, 396, 472, 581, 609, 610, 638, 702, 761, 783, 788, 815, 823, 839, 852, 863, 875, 888]
364 (2)  [5, 6, 8, 108, 183, 201, 233, 236, 246, 271, 274, 284, 290, 303, 310, 318, 324, 328, 340, 348, 350, 357, 358, 362, 363, 365, 368, 399, 419, 427, 509, 617, 640, 721, 743, 747, 760, 802, 843, 866, 888]
365 (2)  [2, 3, 5, 151, 157, 159, 195, 248, 297, 298, 320, 327, 339, 351, 356, 359, 364, 367, 369, 370, 404, 444, 618, 670, 690, 701, 754, 759, 767, 781, 783, 786, 792, 797, 813, 814, 822, 853, 856, 873, 886]
366 (2)  [7, 8, 89, 150, 203, 204, 224, 265, 276, 298, 308, 313, 328, 339, 342, 346, 347, 351, 354, 359, 363, 367, 368, 371, 379, 397, 422, 461, 483, 494, 582, 602, 647, 705, 767, 807, 808, 836, 864, 876, 881, 886]
367 (2)  [2, 4, 7, 210, 250, 269, 281, 303, 305, 310, 312, 331, 337, 338, 344, 347, 357, 363, 365, 366, 369, 371, 410, 467, 530, 592, 627, 628, 659, 679, 717, 733, 787, 817, 830, 838, 856, 874, 876, 879, 880, 884]
368 (2)  [3, 8, 104, 206, 288, 301, 304, 326, 330, 331, 340, 344, 349, 350, 351, 356, 357, 364, 366, 369, 415, 481, 564, 593, 601, 618, 622, 658, 667, 723, 746, 762, 766, 780, 816, 824, 865, 871, 874, 877, 880, 881]
369 (2)  [6, 8, 141, 179, 194, 249, 252, 269, 271, 284, 285, 300, 302, 311, 328, 341, 353, 359, 361, 365, 367, 368, 371, 383, 403, 416, 493, 574, 654, 672, 677, 727, 735, 742, 789, 790, 806, 839, 842, 847, 857, 871, 876, 884]
370 (2)  [2, 4, 6, 8, 15, 123, 143, 202, 221, 224, 235, 251, 255, 258, 275, 303, 326, 335, 342, 344, 346, 353, 356, 360, 362, 365, 389, 411, 424, 426, 504, 518, 561, 597, 633, 635, 662, 697, 710, 742, 744, 750, 755, 758, 782, 810, 819, 826, 866, 876]
371 (2)  [1, 3, 7, 98, 120, 140, 147, 186, 193, 194, 213, 243, 250, 252, 253, 256, 266, 268, 273, 296, 304, 311, 314, 318, 342, 349, 352, 353, 354, 366, 367, 369, 385, 386, 405, 418, 428, 438, 447, 453, 455, 464, 474, 478, 521, 522, 558, 570, 578, 641, 664, 677, 708, 734, 748, 767, 794, 798, 804, 809, 811, 821, 833, 849, 867, 873, 874, 888]
372 (3)  [354]
373 (3)  [336]
374 (3)  [350]
375 (3)  [359]
376 (3)  [351]
377 (3)  [346]
378 (3)  [347]
379 (3)  [366]
380 (3)  [361]
381 (3)  [355]
382 (3)  [321]
383 (3)  [369]
384 (3)  [332]
385 (3)  [371]
386 (3)  [371]
387 (3)  [341]
388 (3)  [307]
389 (3)  [370]
390 (3)  [349]
391 (3)  [342]
392 (3)  [295]
393 (3)  [319]
394 (3)  [327]
395 (3)  [347]
396 (3)  [363]
397 (3)  [366]
398 (3)  [361]
399 (3)  [364]
400 (3)  [282]
401 (3)  [351]
402 (3)  [345]
403 (3)  [369]
404 (3)  [365]
405 (3)  [371]
406 (3)  [324]
407 (3)  [353]
408 (3)  [303]
409 (3)  [355]
410 (3)  [367]
411 (3)  [370]
412 (3)  [356]
413 (3)  [357]
414 (3)  [322]
415 (3)  [368]
416 (3)  [369]
417 (3)  [273]
418 (3)  [371]
419 (3)  [364]
420 (3)  [319]
421 (3)  [331]
422 (3)  [366]
423 (3)  [333]
424 (3)  [370]
425 (3)  [338]
426 (3)  [370]
427 (3)  [364]
428 (3)  [371]
429 (3)  [360]
430 (3)  [261]
431 (3)  [356]
432 (3)  [313]
433 (3)  [353]
434 (3)  [328]
435 (3)  [227]
436 (3)  [335]
437 (3)  [352]
438 (3)  [371]
439 (3)  [294]
440 (3)  [294]
441 (3)  [336]
442 (3)  [309]
443 (3)  [284]
444 (3)  [365]
445 (3)  [241]
446 (3)  [338]
447 (3)  [371]
448 (3)  [167]
449 (3)  [336]
450 (3)  [311]
451 (3)  [297]
452 (3)  [192]
453 (3)  [371]
454 (3)  [214]
455 (3)  [371]
456 (3)  [248]
457 (3)  [358]
458 (3)  [262]
459 (3)  [359]
460 (3)  [215]
461 (3)  [366]
462 (3)  [279]
463 (3)  [309]
464 (3)  [371]
465 (3)  [351]
466 (3)  [346]
467 (3)  [367]
468 (3)  [329]
469 (3)  [356]
470 (3)  [243]
471 (3)  [355]
472 (3)  [363]
473 (3)  [315]
474 (3)  [371]
475 (3)  [334]
476 (3)  [289]
477 (3)  [212]
478 (3)  [371]
479 (3)  [281]
480 (3)  [322]
481 (3)  [368]
482 (3)  [346]
483 (3)  [366]
484 (3)  [358]
485 (3)  [193]
486 (3)  [226]
487 (3)  [308]
488 (3)  [290]
489 (3)  [322]
490 (3)  [348]
491 (3)  [264]
492 (3)  [269]
493 (3)  [369]
494 (3)  [366]
495 (3)  [243]
496 (3)  [338]
497 (3)  [302]
498 (3)  [309]
499 (3)  [263]
500 (3)  [358]
501 (3)  [358]
502 (3)  [182]
503 (3)  [343]
504 (3)  [370]
505 (3)  [331]
506 (3)  [202]
507 (3)  [318]
508 (3)  [353]
509 (3)  [364]
510 (3)  [247]
511 (3)  [267]
512 (3)  [266]
513 (3)  [272]
514 (3)  [234]
515 (3)  [324]
516 (3)  [325]
517 (3)  [347]
518 (3)  [370]
519 (3)  [356]
520 (3)  [349]
521 (3)  [371]
522 (3)  [371]
523 (3)  [348]
524 (3)  [226]
525 (3)  [254]
526 (3)  [195]
527 (3)  [319]
528 (3)  [306]
529 (3)  [176]
530 (3)  [367]
531 (3)  [297]
532 (3)  [324]
533 (3)  [296]
534 (3)  [183]
535 (3)  [285]
536 (3)  [153]
537 (3)  [342]
538 (3)  [280]
539 (3)  [351]
540 (3)  [302]
541 (3)  [356]
542 (3)  [341]
543 (3)  [171]
544 (3)  [339]
545 (3)  [330]
546 (3)  [347]
547 (3)  [267]
548 (3)  [256]
549 (3)  [322]
550 (3)  [220]
551 (3)  [203]
552 (3)  [343]
553 (3)  [283]
554 (3)  [300]
555 (3)  [326]
556 (3)  [219]
557 (3)  [318]
558 (3)  [371]
559 (3)  [340]
560 (3)  [236]
561 (3)  [370]
562 (3)  [362]
563 (3)  [247]
564 (3)  [368]
565 (3)  [358]
566 (3)  [322]
567 (3)  [360]
568 (3)  [288]
569 (3)  [326]
570 (3)  [371]
571 (3)  [360]
572 (3)  [261]
573 (3)  [239]
574 (3)  [369]
575 (3)  [356]
576 (3)  [355]
577 (3)  [211]
578 (3)  [371]
579 (3)  [223]
580 (3)  [338]
581 (3)  [363]
582 (3)  [366]
583 (3)  [217]
584 (3)  [360]
585 (3)  [350]
586 (3)  [335]
587 (3)  [359]
588 (3)  [264]
589 (3)  [335]
590 (3)  [176]
591 (3)  [330]
592 (3)  [367]
593 (3)  [368]
594 (3)  [288]
595 (3)  [314]
596 (3)  [318]
597 (3)  [370]
598 (3)  [270]
599 (3)  [220]
600 (3)  [328]
601 (3)  [368]
602 (3)  [366]
603 (3)  [165]
604 (3)  [306]
605 (3)  [257]
606 (3)  [269]
607 (3)  [323]
608 (3)  [327]
609 (3)  [363]
610 (3)  [363]
611 (3)  [314]
612 (3)  [314]
613 (3)  [303]
614 (3)  [285]
615 (3)  [358]
616 (3)  [140]
617 (3)  [312, 364]
618 (3)  [365, 368]
619 (4)  [183, 841]
620 (4)  [339, 746]
621 (4)  [330, 773]
622 (3)  [286, 368]
623 (3)  [336, 361]
624 (4)  [204, 343]
625 (4)  [305, 355]
626 (4)  [333, 821]
627 (3)  [354, 367]
628 (3)  [359, 367]
629 (3)  [348, 349]
630 (3)  [310, 362]
631 (3)  [170, 350]
632 (3)  [315, 317]
633 (3)  [229, 370]
634 (4)  [342, 873]
635 (3)  [315, 370]
636 (3)  [349, 356]
637 (4)  [239, 874]
638 (4)  [363, 841]
639 (4)  [190, 884]
640 (4)  [364, 790]
641 (4)  [149, 371]
642 (4)  [320, 335]
643 (4)  [264, 878]
644 (4)  [336, 887]
645 (4)  [350, 861]
646 (4)  [278, 335]
647 (4)  [305, 366]
648 (3)  [277, 288]
649 (4)  [359, 885]
650 (3)  [315, 319]
651 (4)  [358, 885]
652 (3)  [346, 361]
653 (4)  [358, 873]
654 (4)  [369, 864]
655 (4)  [184, 298]
656 (3)  [279, 907]
657 (4)  [341, 752]
658 (3)  [312, 368]
659 (3)  [231, 367]
660 (4)  [316, 320]
661 (4)  [275, 882]
662 (3)  [342, 370]
663 (4)  [333, 832]
664 (3)  [362, 371]
665 (4)  [314, 851]
666 (3)  [356, 361]
667 (4)  [368, 878]
668 (4)  [340, 868]
669 (4)  [350, 864]
670 (3)  [316, 365]
671 (3)  [324, 334]
672 (4)  [369, 793]
673 (3)  [272, 926]
674 (4)  [355, 875]
675 (3)  [342, 917]
676 (4)  [249, 259]
677 (3)  [369, 371]
678 (3)  [351, 353]
679 (4)  [367, 770]
680 (3)  [273, 317]
681 (4)  [268, 293]
682 (4)  [359, 879]
683 (4)  [349, 860]
684 (3)  [350, 357]
685 (3)  [292, 343]
686 (3)  [310, 330]
687 (4)  [320, 355]
688 (4)  [169, 848]
689 (4)  [310, 858]
690 (3)  [355, 365]
691 (4)  [191, 347]
692 (4)  [346, 854]
693 (4)  [206, 330]
694 (4)  [357, 826]
695 (4)  [337, 742]
696 (4)  [346, 886]
697 (3)  [307, 370]
698 (4)  [281, 834]
699 (4)  [146, 254]
700 (4)  [280, 299]
701 (4)  [365, 831]
702 (3)  [353, 363]
703 (4)  [278, 317]
704 (4)  [233, 356]
705 (4)  [366, 801]
706 (3)  [319, 338]
707 (4)  [331, 886]
708 (3)  [316, 371]
709 (3)  [344, 940]
710 (4)  [370, 860]
711 (4)  [337, 809]
712 (4)  [343, 848]
713 (4)  [356, 870]
714 (4)  [166, 231]
715 (3)  [315, 337]
716 (3)  [329, 354]
717 (4)  [367, 775]
718 (4)  [265, 277]
719 (3)  [329, 358]
720 (3)  [311, 986]
721 (4)  [364, 888]
722 (3)  [338, 361]
723 (3)  [348, 368]
724 (4)  [260, 347]
725 (4)  [331, 837]
726 (3)  [314, 321]
727 (3)  [318, 369]
728 (4)  [261, 815]
729 (4)  [316, 863]
730 (4)  [162, 351]
731 (4)  [312, 783]
732 (4)  [256, 762]
733 (4)  [367, 888]
734 (3)  [283, 333, 371]
735 (4)  [346, 369, 884]
736 (4)  [353, 357, 874]
737 (4)  [352, 354, 842]
738 (4)  [358, 361, 806]
739 (3)  [267, 359, 906]
740 (4)  [286, 358, 880]
741 (3)  [234, 264, 311]
742 (3)  [369, 370, 695]
743 (4)  [359, 364, 799]
744 (3)  [345, 362, 370]
745 (4)  [287, 342, 352]
746 (3)  [368, 620, 954]
747 (3)  [328, 354, 364]
748 (4)  [347, 371, 843]
749 (4)  [267, 302, 868]
750 (4)  [282, 370, 860]
751 (3)  [295, 313, 989]
752 (3)  [352, 657, 816]
753 (4)  [274, 347, 883]
754 (3)  [235, 365, 969]
755 (4)  [159, 312, 370]
756 (3)  [327, 341, 976]
757 (3)  [308, 330, 340]
758 (3)  [269, 354, 370]
759 (4)  [320, 365, 790]
760 (3)  [364, 993, 995]
761 (3)  [266, 279, 363]
762 (3)  [361, 368, 732]
763 (4)  [251, 344, 361]
764 (3)  [325, 360, 990]
765 (3)  [260, 360, 955]
766 (3)  [342, 353, 368]
767 (3)  [365, 366, 371]
768 (3)  [361, 802, 981]
769 (4)  [310, 866, 993]
770 (3)  [355, 679, 884]
771 (4)  [350, 872, 888]
772 (3)  [360, 793, 962]
773 (3)  [257, 621, 912]
774 (3)  [84, 345, 353]
775 (3)  [341, 717, 819]
776 (3)  [283, 343, 997]
777 (3)  [241, 317, 352]
778 (3)  [152, 305, 948]
779 (4)  [238, 315, 344]
780 (4)  [358, 368, 799]
781 (4)  [365, 825, 992]
782 (3)  [338, 370, 970]
783 (3)  [363, 365, 731]
784 (3)  [300, 355, 357]
785 (4)  [309, 361, 851]
786 (3)  [297, 358, 365]
787 (4)  [338, 354, 367, 870]
788 (4)  [181, 284, 305, 363]
789 (3)  [339, 369, 807, 889]
790 (3)  [306, 369, 640, 759]
791 (4)  [313, 346, 826, 875]
792 (4)  [344, 365, 869, 881]
793 (3)  [351, 356, 672, 772]
794 (3)  [334, 371, 896, 932]
795 (4)  [180, 188, 293, 882]
796 (3)  [298, 319, 334, 346]
797 (4)  [271, 311, 337, 365]
798 (4)  [346, 371, 864, 868]
799 (3)  [349, 743, 780, 873]
800 (4)  [161, 248, 336, 337]
801 (3)  [174, 270, 287, 705]
802 (4)  [349, 357, 364, 768]
803 (4)  [160, 279, 350, 836]
804 (4)  [350, 371, 870, 887]
805 (4)  [266, 342, 832, 841]
806 (3)  [369, 738, 919, 923]
807 (3)  [165, 366, 789, 895]
808 (3)  [327, 343, 366, 929]
809 (3)  [362, 371, 711, 908]
810 (3)  [338, 370, 911, 984]
811 (4)  [333, 371, 852, 853]
812 (3)  [290, 342, 855, 942]
813 (4)  [249, 255, 267, 365]
814 (4)  [307, 358, 365, 877]
815 (3)  [199, 216, 363, 728]
816 (3)  [338, 368, 752, 927]
817 (3)  [345, 360, 367, 983]
818 (3)  [308, 325, 352, 360]
819 (3)  [251, 370, 775, 934]
820 (4)  [301, 338, 345, 359, 986]
821 (3)  [300, 371, 626, 928, 967]
822 (4)  [325, 336, 362, 365, 859]
823 (3)  [230, 312, 340, 362, 363]
824 (3)  [127, 236, 306, 360, 368]
825 (3)  [244, 320, 345, 781, 843]
826 (3)  [337, 370, 694, 791, 980]
827 (3)  [348, 355, 358, 985, 991]
828 (3)  [358, 361, 847, 930, 937]
829 (4)  [313, 334, 845, 883, 987]
830 (4)  [270, 302, 323, 367, 838]
831 (3)  [336, 339, 355, 701, 871]
832 (3)  [341, 349, 362, 663, 805]
833 (3)  [276, 335, 371, 953, 966]
834 (3)  [230, 252, 353, 698, 882]
835 (3)  [226, 334, 361, 918, 975]
836 (4)  [347, 360, 366, 803, 887]
837 (3)  [295, 314, 325, 353, 725]
838 (3)  [311, 367, 830, 857, 959]
839 (3)  [290, 341, 363, 369, 924]
840 (4)  [155, 298, 318, 360, 361]
841 (3)  [323, 324, 358, 619, 638, 805]
842 (3)  [253, 291, 369, 737, 994, 996]
843 (3)  [335, 364, 748, 825, 845, 885]
844 (3)  [238, 325, 341, 361, 864, 958]
845 (4)  [333, 343, 350, 829, 843, 989]
846 (4)  [129, 204, 287, 326, 337, 355]
847 (3)  [276, 298, 321, 369, 828, 938]
848 (3)  [312, 345, 688, 712, 977, 996]
849 (4)  [274, 285, 317, 371, 859, 991]
850 (3)  [203, 278, 861, 878, 973, 982]
851 (3)  [172, 260, 277, 350, 665, 785]
852 (3)  [304, 363, 811, 893, 914, 997]
853 (3)  [237, 326, 365, 811, 858, 963]
854 (3)  [265, 297, 317, 348, 360, 692]
855 (4)  [212, 286, 308, 328, 812, 997]
856 (4)  [187, 291, 313, 345, 349, 365, 367]
857 (4)  [276, 278, 293, 314, 362, 369, 838]
858 (3)  [138, 181, 227, 362, 689, 853, 880]
859 (3)  [192, 282, 301, 312, 348, 822, 849]
860 (3)  [321, 360, 362, 683, 710, 750, 952]
861 (3)  [180, 189, 322, 336, 645, 850, 945]
862 (3)  [197, 315, 335, 338, 935, 944, 974]
863 (3)  [334, 350, 357, 363, 729, 925, 978]
864 (3)  [325, 352, 366, 654, 669, 798, 844]
865 (3)  [151, 182, 317, 348, 360, 368, 939, 956]
866 (3)  [294, 303, 359, 361, 364, 370, 769, 949]
867 (3)  [126, 210, 258, 356, 371, 887, 901, 994]
868 (3)  [259, 342, 353, 668, 749, 798, 883, 921]
869 (4)  [252, 289, 320, 353, 360, 792, 887, 995]
870 (3)  [331, 338, 356, 359, 713, 787, 804, 904]
871 (4)  [119, 202, 296, 334, 349, 368, 369, 831]
872 (4)  [170, 171, 174, 223, 348, 771, 881, 888]
873 (3)  [86, 323, 365, 371, 634, 653, 799, 891, 909]
874 (3)  [336, 339, 357, 367, 368, 371, 637, 736, 900]
875 (3)  [154, 178, 241, 287, 298, 363, 674, 791, 916]
876 (3)  [228, 335, 366, 367, 369, 370, 936, 972, 988]
877 (3)  [196, 197, 222, 299, 327, 352, 368, 814, 946]
878 (3)  [192, 280, 356, 359, 643, 667, 850, 950, 960]
879 (3)  [144, 208, 283, 300, 330, 367, 682, 920, 987, 990]
880 (3)  [225, 304, 354, 355, 367, 368, 740, 858, 903, 943]
881 (3)  [242, 341, 350, 366, 368, 792, 872, 894, 971, 979]
882 (3)  [193, 263, 321, 325, 341, 347, 661, 795, 834, 961, 964]
883 (3)  [207, 321, 329, 332, 361, 753, 829, 868, 913, 931, 941]
884 (3)  [175, 227, 242, 257, 258, 262, 357, 367, 369, 639, 735, 770]
885 (3)  [102, 284, 309, 342, 354, 359, 649, 651, 843, 905, 951, 965]
886 (3)  [190, 241, 272, 327, 339, 358, 361, 365, 366, 696, 707, 922, 968]
887 (3)  [205, 275, 312, 343, 354, 644, 804, 836, 867, 869, 898, 947, 957, 988, 992]
888 (3)  [101, 110, 156, 283, 335, 363, 364, 371, 721, 733, 771, 872, 890, 892, 897, 899, 902, 910, 915, 933]
889 (4)  [789]
890 (4)  [888]
891 (4)  [873]
892 (4)  [888]
893 (4)  [852]
894 (4)  [881]
895 (4)  [807]
896 (4)  [794]
897 (4)  [888]
898 (4)  [887]
899 (4)  [888]
900 (4)  [874]
901 (4)  [867]
902 (4)  [888]
903 (4)  [880]
904 (4)  [870]
905 (4)  [885]
906 (4)  [739]
907 (4)  [656]
908 (4)  [809]
909 (4)  [873]
910 (4)  [888]
911 (4)  [810]
912 (4)  [773]
913 (4)  [883]
914 (4)  [852]
915 (4)  [888]
916 (4)  [875]
917 (4)  [675]
918 (4)  [835]
919 (4)  [806]
920 (4)  [879]
921 (4)  [868]
922 (4)  [886]
923 (4)  [806]
924 (4)  [839]
925 (4)  [863]
926 (4)  [673]
927 (4)  [816]
928 (4)  [821]
929 (4)  [808]
930 (4)  [828]
931 (4)  [883]
932 (4)  [794]
933 (4)  [888]
934 (4)  [819]
935 (4)  [862]
936 (4)  [876]
937 (4)  [828]
938 (4)  [847]
939 (4)  [865]
940 (4)  [709]
941 (4)  [883]
942 (4)  [812]
943 (4)  [880]
944 (4)  [862]
945 (4)  [861]
946 (4)  [877]
947 (4)  [887]
948 (4)  [778]
949 (4)  [866]
950 (4)  [878]
951 (4)  [885]
952 (4)  [860]
953 (4)  [833]
954 (4)  [746]
955 (4)  [765]
956 (4)  [865]
957 (4)  [887]
958 (4)  [844]
959 (4)  [838]
960 (4)  [878]
961 (4)  [882]
962 (4)  [772]
963 (4)  [853]
964 (4)  [882]
965 (4)  [885]
966 (4)  [833]
967 (4)  [821]
968 (4)  [886]
969 (4)  [754]
970 (4)  [782]
971 (4)  [881]
972 (4)  [876]
973 (4)  [850]
974 (4)  [862]
975 (4)  [835]
976 (4)  [756]
977 (4)  [848]
978 (4)  [863]
979 (4)  [881]
980 (4)  [826]
981 (4)  [768]
982 (4)  [850]
983 (4)  [817]
984 (4)  [810]
985 (4)  [827]
986 (5)  [720, 820]
987 (5)  [829, 879]
988 (4)  [876, 887]
989 (5)  [751, 845]
990 (4)  [764, 879]
991 (5)  [827, 849]
992 (5)  [781, 887]
993 (5)  [760, 769]
994 (4)  [842, 867]
995 (4)  [760, 869, 998]
996 (4)  [842, 848, 999]
997 (5)  [776, 852, 855]
998 (5)  [995]
999 (5)  [996]
